19 19 19 19 19 19 19 19 19 19 19 19 19 19 19
19 19 19 19 19 1 19 2 1 19 2 19 19 19 19
3 3 3 3 3 4 5 6 4 5 6 3 3 3 3
0 0 0 0 0 7 8 9 7 8 9 0 0 0 0
0 0 0 0 0 10 11 12 10 11 12 0 0 0 0
0 0 0 0 0 7 8 9 7 8 9 0 0 0 0
0 0 0 0 0 10 11 12 10 11 12 0 0 0 0
0 0 0 0 0 7 8 9 7 8 9 0 0 0 0
0 0 0 0 0 10 11 12 10 11 12 0 0 0 0
0 0 0 0 0 7 8 9 7 8 9 0 0 0 0
0 0 0 0 0 10 11 12 10 11 12 0 0 0 0
0 0 0 0 0 7 8 9 7 8 9 0 0 0 0
0 0 0 0 0 10 11 12 10 11 12 0 0 0 0
0 0 0 0 0 7 8 9 7 8 9 0 0 0 0
0 0 0 0 0 10 11 12 10 11 12 0 0 0 0
0 0 0 0 0 7 8 9 7 8 9 0 0 0 0
13 13 13 13 13 14 15 16 14 15 16 13 13 13 13
19 19 19 19 19 17 19 18 17 19 18 19 19 19 19
19 19 19 19 19 19 19 19 19 19 19 19 19 19 19